2.005104,1.945993,2.337051,1.217833,1.241862,0.953791,1.861456,1.075558
1.945993,3.097542,2.306705,1.990482,1.163989,1.088839,2.361709,1.584477
2.337051,2.306705,4.684339,1.814291,1.997729,1.859567,3.130164,1.824728
1.217833,1.990482,1.814291,1.639382,0.986348,0.784270,2.046079,1.210613
1.241862,1.163989,1.997729,0.986348,1.635064,0.907042,2.058386,0.934689
0.953791,1.088839,1.859567,0.784270,0.907042,1.127207,1.547306,0.981045
1.861456,2.361709,3.130164,2.046079,2.058386,1.547306,3.482369,1.627324
1.075558,1.584477,1.824728,1.210613,0.934689,0.981045,1.627324,1.543611
