2.023004,1.788319,1.685556,1.309947,1.403849,1.954987,1.817057
1.788319,2.694522,2.118253,1.493455,2.285068,2.031570,2.754536
1.685556,2.118253,2.052325,1.135514,1.767721,1.675577,2.054614
1.309947,1.493455,1.135514,1.199824,1.202218,1.267954,1.527341
1.403849,2.285068,1.767721,1.202218,2.169373,1.390497,2.423658
1.954987,2.031570,1.675577,1.267954,1.390497,2.599554,2.012449
1.817057,2.754536,2.054614,1.527341,2.423658,2.012449,2.925909
