42.929677,32.315112,34.681576,32.279621,33.073605,35.282396,30.426292,33.673282,33.394968,35.772481,34.929564,34.262329,35.902693,28.377290,33.271749,31.046967,29.156939,31.062494,35.661937,34.016683,33.426531,31.887101,32.451304,29.370304,35.410361,32.506324,32.830404,31.000291,33.274817,35.562829,31.085905,30.305784,31.044878,30.929204,32.997265,32.500561,29.883635,30.440122,34.606612,33.307316,35.361260,34.048258,32.685331,33.873210,33.991762,30.255769,32.249599,33.526172,28.650401,33.301327,32.860304,31.392488,34.128340,34.457992,30.351764,33.590294,31.783735,34.798722,30.552985,30.145263,29.378397,33.734018,30.989043,35.476516,32.572851,29.632402,33.825620,30.897842,31.369759,32.290467,35.930868,29.573169,33.182523,36.080438,29.012939,33.784535,31.941113,31.976817,37.255310,31.894666,29.918064,33.525713,34.638838,28.010392,35.575359,29.294016,30.366125,32.815574,31.282657,33.500088,32.634692,32.680009,29.686769,32.139342,33.506056,33.066259,31.728335,33.260522,31.654952,33.455155,32.440496,31.415293,31.623394,30.388022,32.284529,32.064111,30.071889,34.128427,31.632419,30.044609,33.173515,27.877984,28.908566,31.357296,30.225459,34.488809,31.655942,32.838591,29.277442,31.339045,33.992687,33.114723,30.865901,30.314179,33.127645,33.478868,34.259982,32.974780
32.315112,47.220598,37.401622,36.608752,35.538328,39.698507,34.058410,34.994105,37.758483,38.119800,36.038073,36.246207,39.480114,33.328689,34.191585,33.202791,32.927158,34.224790,37.817818,32.832835,33.938763,33.287524,35.010473,30.559682,36.609134,34.488499,34.328502,31.983428,32.728077,42.068879,33.211099,32.861080,32.170620,31.643245,37.606392,32.354144,32.368729,35.337196,33.934925,34.117864,36.273388,37.256539,34.592009,36.109731,36.313987,33.168009,34.799524,36.807152,31.334007,32.477676,33.860460,33.414625,34.794861,37.104969,35.461866,37.915901,34.784127,34.651067,30.286423,31.241572,32.449313,33.110097,35.014717,35.654765,34.523097,31.002421,33.349568,31.827719,37.279592,38.301952,37.670858,35.121628,36.388756,36.610720,32.407192,33.785927,33.894806,33.124508,37.302329,34.389569,31.932806,33.848836,35.780778,32.271839,37.026801,34.635927,36.135902,34.084164,32.875879,36.669032,35.260393,33.789378,33.076441,34.215425,33.253301,33.201223,32.396801,34.224130,31.526498,35.976391,34.308737,35.096738,33.092872,33.607909,34.166210,33.370977,33.260035,34.361905,33.186622,34.369060,36.310384,32.615556,32.642269,32.737854,32.209508,36.570504,34.480213,33.459134,34.369890,31.033552,34.900622,33.641965,31.522424,33.130370,33.711145,36.546601,35.856776,36.042258
34.681576,37.401622,46.083598,35.591724,37.245779,38.662411,34.428869,35.215168,36.695518,37.714866,36.257183,34.899997,38.198975,33.294900,34.167709,34.726910,32.622129,33.800748,39.284680,37.022556,34.492046,33.339379,36.656139,34.478809,37.553017,35.842126,34.771874,32.000970,33.823974,38.527473,35.027663,31.732872,34.414628,31.388721,34.828215,32.890710,33.266296,33.724990,36.089628,35.350345,36.275312,36.303393,35.660075,37.241326,35.479976,33.022290,33.538338,37.830773,30.289930,34.637274,34.122364,35.424636,35.999058,39.116813,33.466190,35.618089,35.443445,34.234440,30.935163,32.931105,33.396009,34.384169,35.401193,36.688693,33.757751,31.147258,36.693581,32.458995,35.612094,35.415917,37.482416,32.503622,35.868138,37.663693,31.266277,34.160508,34.895977,34.644857,39.045162,34.640690,30.927953,35.459157,36.260080,33.249463,38.055295,33.941187,35.761515,34.366717,32.718187,36.304890,35.743023,34.071017,32.091308,32.446907,34.554390,34.989278,35.226790,36.545325,34.107108,36.818003,34.614240,35.247801,33.882610,33.093456,34.665523,33.814710,32.794028,34.948417,33.113125,34.893733,36.263670,32.664211,31.568104,31.991119,32.448703,37.563082,34.440120,33.661957,34.107709,33.579082,34.462215,36.292388,32.760418,33.828727,35.284864,37.055053,36.034445,34.979074
32.279621,36.608752,35.591724,45.722338,35.175777,36.382651,31.968537,35.405096,35.985346,36.267638,32.277279,34.801643,39.247268,32.404932,33.485363,33.600943,30.193094,31.344983,38.818608,32.917334,33.932547,31.014547,34.326538,32.174021,35.121756,34.855174,32.494218,31.049622,34.432590,36.166615,30.926035,32.036959,31.219059,31.198350,34.533399,32.600520,29.367529,31.868796,32.781368,33.882650,35.810208,36.438790,32.663075,34.925458,35.033401,31.031796,32.664137,37.541618,32.159670,34.708682,32.898732,33.357564,33.545702,36.059073,33.576197,35.162101,33.565498,33.465440,29.080521,32.002607,30.515872,33.806257,34.098771,34.429666,32.553272,30.580891,32.562332,30.750807,34.205544,36.293196,37.455052,30.825167,34.534199,35.237628,28.189821,33.413191,32.808855,34.475259,36.660708,32.213660,29.721782,33.562911,34.802273,31.967789,36.724786,34.523034,35.377201,33.533172,32.366946,33.843325,33.291998,33.769600,33.283197,33.047865,33.807337,34.470448,31.887119,33.873895,32.548356,35.676619,34.864636,35.613003,31.941262,33.467294,32.244555,33.055454,32.133259,35.428330,33.956861,34.267915,35.673005,31.296172,29.935844,32.714756,31.822757,34.707494,32.739222,33.775762,29.811306,32.631532,34.458636,34.875899,31.293089,33.240522,33.510715,35.126640,35.200078,35.640435
33.073605,35.538328,37.245779,35.175777,44.400332,37.610291,33.546433,35.680718,33.867229,35.670845,33.196149,33.158246,38.021435,32.741986,33.777947,32.249999,29.914949,34.545118,37.333733,33.482270,32.964600,32.882802,35.032554,32.458752,36.532153,35.708475,34.293231,32.204404,34.419137,38.368734,31.602329,31.471631,32.213014,31.962015,34.256720,33.209592,31.622370,33.258406,34.021235,34.511087,35.924408,35.704172,34.818904,34.467252,34.814179,32.806167,33.058719,36.076219,29.801839,32.231428,33.371101,33.126250,34.852279,35.495510,33.261284,34.918065,32.358905,33.642377,28.859165,31.839078,32.933764,34.598075,34.848894,33.781596,32.866325,31.143998,33.151427,30.450436,36.882251,35.754897,36.531768,32.537044,37.446188,35.248195,29.610000,32.924519,34.183328,36.015208,37.040863,32.458748,31.765257,33.039333,34.695076,32.840587,37.437025,33.927439,33.762905,33.902648,33.713724,34.418200,33.589813,33.521234,32.220765,32.431510,33.021298,33.368268,33.078677,34.279565,33.574540,34.404383,34.729860,35.236400,32.228209,33.119119,33.230761,32.529077,32.905679,34.867824,32.814844,34.159876,34.393891,28.705283,31.138399,32.855566,31.115955,35.312392,32.533626,32.353755,29.721972,30.625772,32.465600,34.465029,32.175285,32.505305,33.724650,35.414516,34.799760,34.655053
35.282396,39.698507,38.662411,36.382651,37.610291,49.847223,36.506819,36.490774,39.037802,38.432284,37.093619,38.430115,38.904679,35.338872,36.234339,33.682833,33.048855,35.767152,40.033535,35.792583,36.993780,36.153236,35.921638,35.018438,38.812718,37.344452,36.131980,34.618876,34.543125,42.184783,34.020117,34.312562,33.974015,33.354346,37.429778,33.988699,35.585458,34.187821,36.115656,36.640009,39.153420,38.105283,36.779580,37.416554,37.259037,34.737807,36.535345,38.923259,32.709713,34.935003,36.530024,34.965261,34.925228,39.687243,35.925885,37.632222,35.804455,34.928028,31.333841,33.018842,35.700261,36.093847,37.976493,35.811030,36.106062,32.778616,36.192723,35.062157,35.636258,38.147030,38.412553,36.120945,38.891927,37.964367,30.826713,35.544591,35.798341,36.140625,40.507914,35.312902,34.518833,36.798194,38.181259,34.792590,38.561463,34.187913,36.441550,35.237462,34.695189,38.149513,37.960716,33.857594,35.921009,33.792688,36.165836,35.131971,34.652052,37.066275,34.431018,38.107769,35.663226,35.815230,34.544382,34.407787,34.832091,33.688586,32.824090,37.005300,35.374956,35.709692,37.435042,32.523817,33.408402,36.702513,32.507066,38.942003,34.758803,36.061923,34.499008,34.209520,36.946258,36.283217,32.788957,34.662565,37.458710,37.353587,38.998040,36.976038
30.426292,34.058410,34.428869,31.968537,33.546433,36.506819,41.227707,33.141252,32.049241,33.843196,32.685489,32.732435,36.583498,31.224351,30.587736,29.993599,29.737435,31.419076,38.027991,31.911420,31.168575,30.310722,32.247606,29.738615,33.979037,31.163135,31.461946,28.788760,31.360290,36.864380,31.350733,30.016559,29.631479,30.617029,33.315759,31.673613,30.312600,31.645051,32.755605,32.687897,35.583877,34.859120,33.024465,31.621968,33.500768,30.866597,30.722017,35.148290,28.449011,31.128425,31.225918,32.524943,32.954047,36.065419,32.458692,32.546516,32.346266,32.099704,28.374275,29.251618,30.799374,32.342704,32.964667,32.101700,30.959832,28.173686,31.925566,30.438380,32.406357,33.069013,34.157223,30.429844,33.130934,33.357073,30.137061,31.277373,30.565083,33.229534,34.174347,33.063035,29.046897,32.567966,32.923292,29.643189,33.997149,31.398600,31.454541,30.856860,31.158461,32.484129,31.637009,32.552127,29.914816,29.713373,31.079576,32.278783,32.236923,32.981002,29.290814,32.895146,32.267505,31.210092,29.321892,29.560586,32.604849,30.147238,29.656158,32.240057,32.232666,33.650625,33.256721,28.122679,31.234022,30.014319,28.333768,32.852381,30.292006,32.066790,29.963431,29.691454,30.942917,31.429471,30.657257,29.500306,32.685496,34.561697,32.430169,32.687122
33.673282,34.994105,35.215168,35.405096,35.680718,36.490774,33.141252,45.146071,35.173014,38.534087,34.804144,33.256145,38.466974,32.471798,33.638699,33.638658,30.334462,33.661055,38.268487,34.833423,33.455614,31.897890,34.743667,33.145523,33.703761,34.575539,33.850553,32.767079,34.719118,37.422118,33.045744,33.367373,33.281001,32.232295,33.333817,35.065561,32.604602,34.616739,35.906330,34.921904,35.484437,36.547848,34.144024,35.718992,34.732329,31.742298,34.077146,36.630950,29.986138,35.455357,33.872046,35.195561,37.179591,37.080285,33.377704,35.756373,34.118407,32.513219,30.593443,31.391566,32.821846,34.555809,34.226372,35.811431,33.375278,30.457866,33.292885,29.585475,34.294986,36.468153,36.264213,33.095357,35.704029,35.695018,29.679434,31.928102,31.028708,33.703551,37.855790,32.630727,29.937559,31.367978,35.450302,32.248501,36.836679,34.832642,33.754145,33.749982,31.899643,34.029470,33.167334,34.248675,34.787609,34.253125,35.352358,33.352575,32.921599,34.536374,32.938468,34.744437,34.837742,34.620537,31.678900,32.841892,32.651038,32.683766,32.274440,34.105049,33.907312,34.317310,35.569749,30.848552,29.929975,33.025982,32.940489,34.636236,33.604032,35.796816,30.301932,30.669215,32.663544,36.086782,31.613461,32.724083,32.779667,34.145748,35.632134,35.230852
33.394968,37.758483,36.695518,35.985346,33.867229,39.037802,32.049241,35.173014,45.153613,37.044675,35.856787,36.271925,37.394656,33.232919,34.379958,32.875629,31.957676,34.974800,37.602493,34.451211,34.733045,31.480305,33.301681,32.762643,36.515130,35.486596,33.254673,32.172372,33.927181,39.341231,32.964062,32.175338,34.397439,31.198879,35.753582,31.507372,31.317231,33.753985,35.390107,33.864848,35.961625,35.398124,35.532078,35.774704,34.266670,32.456530,35.290761,35.410734,30.222392,32.093479,34.461172,33.230567,36.224068,36.954452,33.327133,35.386323,34.689971,34.346196,29.796371,31.942492,33.619972,33.409655,34.973029,34.898528,32.950505,31.083660,34.652209,31.166596,35.095457,35.774443,36.474427,32.944718,35.054541,35.150222,29.932127,34.032862,33.695840,33.634506,37.354737,34.208048,31.845606,34.596392,36.474989,32.603228,38.309970,32.857591,34.846477,33.764771,32.889183,35.306289,34.002647,33.802996,32.937591,33.673908,34.875612,35.642591,34.216903,33.267339,31.931831,36.282973,34.860506,35.242624,32.190456,32.074210,33.826210,32.196601,31.187430,34.402342,34.112550,35.117556,36.465414,30.545790,31.360863,33.414638,32.066752,35.197896,33.367007,33.430722,33.146013,33.163999,33.533206,36.425416,31.824900,33.178096,33.683013,35.332645,36.577501,35.348509
35.772481,38.119800,37.714866,36.267638,35.670845,38.432284,33.843196,38.534087,37.044675,48.258592,35.770994,36.631299,40.783526,34.129812,35.218050,35.067567,31.878382,34.863473,38.616595,37.783302,35.480270,34.326339,35.779191,33.733075,39.035860,35.046739,35.127563,34.006140,35.886147,38.801639,35.449503,34.309359,34.154342,33.442954,37.746158,34.187321,34.903378,33.966376,36.677327,36.728268,39.446153,37.666170,35.487182,35.873869,37.415942,34.153024,36.414064,36.878249,31.197396,36.807069,37.445200,35.636168,38.654666,40.258972,34.820869,36.783479,37.407607,36.741349,33.592388,32.226925,32.580443,34.444580,35.656944,38.157408,35.655347,32.260424,37.940280,32.405987,36.291556,37.175524,37.614925,34.580973,37.768694,38.340144,33.458095,35.361248,34.378454,36.531146,39.734830,35.502480,32.311790,34.925145,36.353506,33.597744,38.056786,35.186316,35.046381,34.609102,35.747457,36.033134,34.654908,36.260265,34.384647,36.182019,36.522316,37.827785,35.372070,35.442561,34.254727,38.621927,36.424879,33.583034,32.928126,34.663381,36.355963,34.247701,34.171342,37.286498,36.688291,35.364805,36.849726,32.726891,31.968452,33.132415,34.633579,36.565796,34.856342,35.801101,32.649349,32.422391,36.484214,36.708656,34.507216,33.116467,35.914701,36.776688,35.050109,35.804565
34.929564,36.038073,36.257183,32.277279,33.196149,37.093619,32.685489,34.804144,35.856787,35.770994,46.492348,35.525158,36.891722,31.876527,33.589213,32.731427,31.995172,35.099544,36.713841,34.386252,33.884402,33.705377,35.023363,32.119806,35.690113,35.301699,34.477057,30.712090,34.862462,39.992574,32.861102,31.958140,32.568091,32.708684,32.904391,33.113359,32.425280,30.717105,35.576116,34.603815,36.336379,35.690729,35.399494,34.217919,34.410607,32.241011,33.653450,36.152005,29.412974,34.822853,33.816060,34.354783,33.375945,37.264115,31.901705,34.578756,33.083597,35.662654,30.645773,30.077859,33.383325,34.803649,33.394680,35.499419,33.441947,29.952722,34.830006,32.466373,33.827508,35.747953,35.300083,32.532362,34.623764,36.385041,30.765677,32.660650,32.293243,33.104815,36.459898,34.926402,31.336060,34.425955,35.393177,30.282202,37.521894,32.266061,33.072267,33.722008,31.009667,35.415048,33.275470,32.492588,31.163220,33.254127,35.330816,34.098169,32.261254,35.252186,32.475386,35.966101,32.694389,31.974262,32.847306,30.739327,32.924331,32.916122,30.379136,33.283256,33.118030,32.316035,34.062019,31.068562,32.749120,31.929273,31.380178,37.289750,32.069394,35.978304,29.413084,31.013544,33.932194,35.713952,31.186297,33.230890,32.415037,36.228852,35.972672,34.482563
34.262329,36.246207,34.899997,34.801643,33.158246,38.430115,32.732435,33.256145,36.271925,36.631299,35.525158,44.641304,36.761732,32.470466,34.730528,33.594852,30.672444,33.793383,36.301039,35.814743,35.670474,33.856923,32.849683,31.986167,36.019898,33.743027,34.224455,31.836360,33.151476,38.225118,32.187156,31.967647,31.496696,32.760235,33.555682,32.867979,33.014171,31.095278,34.997334,35.515033,37.295915,34.741434,33.594452,34.920192,33.796710,32.997660,34.180630,35.938086,32.051942,35.364806,35.483246,32.237397,34.794367,37.595555,33.764378,34.677184,32.595692,33.803252,31.053131,30.653064,32.370221,34.581781,32.010712,35.937164,33.648381,30.622103,34.187665,32.858432,32.548516,34.396401,37.432338,32.370410,36.772836,36.383572,30.105450,34.489981,32.747664,34.113136,35.991553,34.829588,30.864857,35.309156,35.949938,32.974108,37.505473,33.142804,34.551255,32.474363,33.270152,34.999916,35.472713,33.894292,31.821203,32.690477,34.791922,33.416726,33.005245,33.411980,31.698896,37.893738,34.576989,31.287024,32.563665,32.240538,33.957638,31.074579,33.740435,34.369952,34.217920,35.012496,35.024942,30.136891,30.393994,31.671009,30.702606,37.753277,32.427729,33.431511,31.764385,32.833946,34.326675,35.201445,32.815919,30.630906,36.125030,34.643335,34.541274,34.971094
35.902693,39.480114,38.198975,39.247268,38.021435,38.904679,36.583498,38.466974,37.394656,40.783526,36.891722,36.761732,51.452689,33.999724,35.610152,35.103487,34.942783,35.353071,40.475605,36.033599,34.409724,32.973726,38.329913,33.529844,39.192780,37.565065,35.654779,33.944718,35.748927,40.986629,35.812929,34.497055,34.282472,35.985092,37.812218,35.611408,33.580987,37.332941,37.044850,36.839461,38.661733,37.966987,35.871233,37.142194,36.024228,35.005054,34.947810,40.392608,30.775805,37.912888,35.923457,35.050027,35.589469,40.281457,36.186665,37.182453,37.212069,36.693051,32.239336,35.205144,34.992216,36.581378,37.085856,38.761262,35.861711,31.765234,37.271188,33.705531,39.072617,39.230925,37.630552,34.691473,36.300422,39.354386,34.453366,34.313260,36.089779,37.286144,39.328232,36.702810,33.230586,37.540447,38.516831,32.342460,39.940706,35.872400,35.634885,34.687907,36.950067,37.033914,35.637790,37.485916,35.365778,36.451961,37.484827,36.850866,35.104684,35.898952,36.629467,38.249893,37.360680,35.551801,34.753392,34.734806,36.230809,33.938084,33.855371,38.020253,36.947123,37.081476,39.616883,32.889304,33.621015,34.280578,34.805922,38.576572,35.551429,37.171045,32.526319,34.488666,35.830416,38.623279,34.446115,33.853555,36.255444,39.354484,37.035527,37.581974
28.377290,33.328689,33.294900,32.404932,32.741986,35.338872,31.224351,32.471798,33.232919,34.129812,31.876527,32.470466,33.999724,40.635587,27.551879,30.105820,27.461279,29.765771,34.744920,31.153394,31.637012,30.380298,31.994796,30.526537,33.528964,30.393524,30.325871,30.818878,29.847893,37.228860,29.799447,28.990071,30.113261,29.568356,33.075448,28.178111,30.088585,30.980940,32.873404,30.051017,34.509278,33.213829,30.928970,30.882655,30.698539,29.841812,31.605799,33.375867,27.823924,31.364687,31.518733,32.228266,31.669180,33.000828,30.736253,33.581021,30.541004,29.305529,28.189410,28.511538,30.229191,29.508634,32.487842,31.992572,32.396957,29.004982,29.309847,29.017535,31.696433,32.839925,33.461324,29.787704,32.707960,32.816008,27.987819,30.695819,30.104648,31.708965,33.446261,30.575007,26.717869,30.745868,32.587753,30.071002,33.469032,31.831606,31.587913,31.858991,29.660013,32.088517,31.998081,30.481061,31.466099,29.936124,31.052889,32.944702,31.247225,31.132407,29.560125,33.192373,33.508639,29.872115,27.266344,29.791923,30.373720,31.210752,28.693586,32.114544,31.005891,32.001298,30.614961,28.498195,28.756047,29.638811,28.378679,33.061577,30.023277,31.015952,29.781439,28.619724,31.638415,32.538538,29.912756,31.287843,30.612206,34.178660,32.331019,32.120588
33.271749,34.191585,34.167709,33.485363,33.777947,36.234339,30.587736,33.638699,34.379958,35.218050,33.589213,34.730528,35.610152,27.551879,42.964425,33.269438,29.603040,34.134283,34.333684,34.885360,34.011539,30.694464,32.486451,30.961118,35.130727,33.594517,33.500925,30.553219,32.233156,35.724264,32.217501,30.946551,31.344420,30.524223,33.469310,33.521175,31.538975,30.630768,33.204933,34.793630,33.881564,34.812608,33.925326,32.466333,33.850792,32.384305,32.807843,35.382706,29.125669,32.860690,32.546087,31.887493,34.296813,36.767417,31.453583,34.150191,33.253343,32.216160,29.382836,29.570044,29.536809,32.297471,30.968195,34.098898,32.648175,30.209693,33.712624,30.421225,33.133954,33.465098,34.880666,31.963885,34.358581,36.111690,29.797478,32.581604,31.188984,34.286658,36.404964,31.896605,30.441499,32.939519,33.623972,31.683757,36.947328,32.377041,32.612355,33.018128,32.017441,34.013764,33.877679,31.259120,30.472436,32.448809,32.190101,32.046524,31.706940,34.564854,32.272599,34.165569,33.514887,31.029402,33.108369,31.586583,32.557855,32.334003,31.025065,34.013608,34.559873,32.654580,33.036588,29.335639,29.288177,31.307120,28.737192,34.390100,31.652642,32.030458,30.665800,31.271532,32.700455,34.184611,30.243282,30.802267,32.307005,33.085964,34.296818,33.149096
31.046967,33.202791,34.726910,33.600943,32.249999,33.682833,29.993599,33.638658,32.875629,35.067567,32.731427,33.594852,35.103487,30.105820,33.269438,41.433410,29.449406,33.523771,35.365757,34.569850,31.687010,29.632984,33.741061,30.971136,33.339028,32.010089,32.203642,28.518355,32.583718,34.505018,31.767845,29.777716,31.719698,30.049384,30.242219,29.304060,29.874042,30.298854,33.017244,32.093353,33.572454,35.391772,32.535811,33.700633,31.773438,28.565524,31.469923,34.421407,28.524488,33.447941,32.812273,30.059682,34.822479,34.402244,30.420091,33.167747,31.404177,31.194440,28.313879,31.743076,30.262893,31.700001,31.557813,34.957640,31.650422,27.289421,32.601891,29.479896,30.651449,33.347862,34.102314,32.977908,33.085338,34.741280,27.973146,32.001324,29.549365,31.877293,35.422158,31.376244,30.326207,33.304634,32.946064,31.119280,37.704616,32.105951,33.608870,30.322214,30.441588,32.008435,32.736069,31.622224,31.073814,32.851020,33.066886,31.987330,30.175453,33.240380,30.838264,34.321252,32.708729,30.944579,30.184999,30.589413,31.816746,31.211125,31.053586,31.890242,32.521808,31.567070,33.426329,28.922705,27.089103,30.266455,29.164950,32.791757,32.660922,32.485772,30.244372,30.685002,32.662812,34.536560,31.291087,29.226402,33.198242,33.506566,32.009102,32.287754
29.156939,32.927158,32.622129,30.193094,29.914949,33.048855,29.737435,30.334462,31.957676,31.878382,31.995172,30.672444,34.942783,27.461279,29.603040,29.449406,38.926538,30.103967,34.085015,30.325227,31.478401,27.485362,32.394202,28.392224,33.040026,31.528419,29.737893,29.641837,30.139128,34.204493,31.933397,29.068071,27.123987,28.359060,29.746474,28.811415,27.612253,30.090165,31.384640,29.913748,32.624116,32.297513,30.867926,31.813135,32.119506,29.084438,31.594670,33.431147,26.661365,29.930811,31.245260,30.254938,31.094425,33.740234,28.756627,31.627115,30.454224,29.481515,26.935544,29.171244,29.883545,29.043036,30.352111,31.233369,31.108567,26.999379,31.809320,28.304197,32.143738,33.014262,32.219334,28.049109,29.729939,32.012945,27.766049,28.402759,31.057466,30.857622,33.088277,29.667334,29.445141,31.976024,31.914479,30.829327,34.670049,29.518785,28.988249,30.090017,28.763131,32.062235,30.740021,31.424846,29.751894,28.143833,31.174976,30.342177,29.937226,30.835845,27.319647,33.276272,32.638224,30.399543,27.873431,28.465708,30.441626,28.307376,28.885210,31.699149,31.165002,32.182811,31.105594,28.080425,28.096924,28.792145,28.286648,32.634123,28.736996,30.045853,28.616855,26.971440,29.947867,32.479774,28.579611,29.592868,31.705829,32.594986,31.002331,30.529007
31.062494,34.224790,33.800748,31.344983,34.545118,35.767152,31.419076,33.661055,34.974800,34.863473,35.099544,33.793383,35.353071,29.765771,34.134283,33.523771,30.103967,42.661421,35.496128,33.027169,32.605283,29.618908,34.013629,30.892463,34.971979,33.813302,32.947225,30.409002,32.443666,37.107808,31.732988,32.097187,29.370934,29.195649,32.842416,31.818164,32.340588,30.668347,33.454459,32.371519,35.288248,34.535288,34.795475,34.495969,33.675312,30.391060,32.725736,34.084950,27.838387,32.796261,32.914778,31.789943,32.910860,36.522100,30.770464,34.648183,33.556698,32.674648,26.777865,31.512402,31.686390,31.179515,32.536754,33.870042,32.265554,30.296496,32.142801,29.806957,31.294020,34.327908,34.458707,32.488295,34.127555,33.873277,29.858713,32.480351,32.171046,33.696606,35.596794,32.293472,31.361216,30.488514,34.266022,30.808583,36.671900,30.940990,33.065409,31.117149,29.964200,33.532711,31.418934,30.839379,31.180640,31.313663,33.883135,30.352105,31.655309,34.243156,32.215488,33.870665,32.796946,30.886068,29.245052,32.058791,32.316892,30.562702,31.489914,31.753834,31.532987,33.954156,32.085862,28.668696,30.441907,32.191774,27.365655,33.748913,30.517953,33.073597,30.362128,31.226848,33.381269,32.533269,30.225348,29.929031,33.033039,32.856780,35.289947,32.151087
35.661937,37.817818,39.284680,38.818608,37.333733,40.033535,38.027991,38.268487,37.602493,38.616595,36.713841,36.301039,40.475605,34.744920,34.333684,35.365757,34.085015,35.496128,49.768248,36.051837,35.483184,34.089301,36.834425,35.651133,38.296665,36.309844,35.038249,33.737249,35.234611,41.142329,35.827074,35.374903,34.161347,33.425938,36.181571,34.194838,32.991530,34.237950,36.887775,36.949100,38.404865,37.647976,36.512273,37.882780,37.204302,33.989091,35.750050,40.072340,32.429406,34.376352,35.894988,37.196084,36.136416,38.561841,35.423327,36.970217,37.412706,35.840037,32.473315,35.414631,34.971418,35.966549,36.769988,37.002682,34.892906,32.511050,35.756405,34.969329,35.485752,37.802229,40.938605,34.444091,37.563521,38.704649,33.417831,35.357671,35.002604,36.769280,39.711984,35.896192,33.648669,35.751148,36.759245,33.228218,40.441309,35.199774,35.568791,33.644865,33.616990,35.884137,35.454296,36.494495,35.924530,35.170240,37.261571,35.564202,34.768826,37.581968,33.423662,37.183371,35.740513,35.053809,33.661913,34.158814,36.026898,34.569516,34.574686,35.556625,35.956317,37.650084,36.826664,31.484753,34.451968,34.453989,32.995941,37.293092,33.961923,36.018438,33.279455,34.951360,36.693301,38.125384,34.097922,34.762013,35.928451,37.268057,37.089023,36.110444
34.016683,32.832835,37.022556,32.917334,33.482270,35.792583,31.911420,34.833423,34.451211,37.783302,34.386252,35.814743,36.033599,31.153394,34.885360,34.569850,30.325227,33.027169,36.051837,45.217486,32.650843,32.860871,36.262881,32.226524,36.843547,34.140509,32.191156,31.854756,33.218212,35.227674,34.680390,31.003030,32.764334,31.902097,34.276896,32.890247,32.486322,30.213411,36.194041,33.843894,37.048096,36.858397,34.951345,34.741043,33.013152,32.516445,34.625861,34.466052,28.012955,35.240974,35.094848,33.799591,35.708830,37.282333,33.735142,34.635597,32.446361,33.373097,31.648880,31.110773,30.351539,33.989939,34.378806,36.692935,33.354063,30.742422,35.406153,30.942363,31.611541,34.791380,36.162818,32.923998,33.785540,34.683289,30.802329,33.446334,30.576483,34.357690,36.916925,34.098088,29.271228,33.567612,34.550270,32.453546,39.027993,33.474746,33.880913,31.246891,31.721378,35.009388,33.396562,33.965125,33.082880,32.417757,33.371717,34.473054,32.227013,33.499376,32.378843,34.907609,33.432267,32.273183,31.862534,32.911222,34.139184,32.574674,31.573178,33.681163,33.533099,33.988627,33.903007,30.421203,29.786986,31.682539,31.480309,37.075705,31.646345,33.163055,32.386433,30.428342,33.683920,35.003297,31.074670,33.770794,32.853431,33.808689,33.461734,35.383844
33.426531,33.938763,34.492046,33.932547,32.964600,36.993780,31.168575,33.455614,34.733045,35.480270,33.884402,35.670474,34.409724,31.637012,34.011539,31.687010,31.478401,32.605283,35.483184,32.650843,43.928599,32.192019,32.011555,31.589185,36.284535,32.890686,32.746106,33.918894,31.398771,36.399044,31.970126,31.120921,31.322493,30.079283,32.969161,32.451428,31.649458,31.884571,34.149744,35.327596,35.275449,33.495641,32.813681,35.027823,35.271257,31.501352,33.094255,33.094516,30.666031,33.299411,32.821487,32.620887,34.167539,35.527486,32.380699,34.336351,32.919870,34.133979,31.613164,30.376700,31.687585,33.023723,33.113106,34.267885,34.840246,30.162595,32.992183,32.304854,32.844885,34.046710,36.343287,30.991479,33.469020,35.524355,29.001158,31.830210,31.309083,33.781139,35.422331,31.780601,30.331484,32.579394,33.821266,32.384439,35.016406,31.706762,32.779000,35.214818,32.319325,33.490075,34.958431,32.666916,32.035905,31.341651,34.390937,34.139733,32.561079,33.828028,31.321292,33.912899,34.044484,31.095274,32.137789,30.729298,32.740804,33.441595,30.017399,34.680247,32.597951,33.206507,32.559327,28.871290,29.987686,31.342193,30.534947,34.864896,31.174591,33.892970,30.120296,30.432741,34.258499,33.328543,31.512752,32.342731,33.510266,34.142751,32.921601,32.066384
31.887101,33.287524,33.339379,31.014547,32.882802,36.153236,30.310722,31.897890,31.480305,34.326339,33.705377,33.856923,32.973726,30.380298,30.694464,29.632984,27.485362,29.618908,34.089301,32.860871,32.192019,39.878172,31.995749,29.377049,32.040925,31.168546,30.839093,30.437354,30.760281,35.301412,29.457092,29.690637,30.740978,29.985660,32.103149,30.605996,30.999164,29.739155,31.497009,31.132405,33.411823,32.558396,30.933837,31.385903,32.428178,29.478208,31.965747,31.619070,28.925419,32.300833,32.266629,31.143830,33.261483,35.473445,31.202665,33.073689,30.668338,33.388469,27.688877,28.123907,30.079849,33.334837,31.550552,32.571509,32.156745,28.231438,29.929757,28.843816,29.655356,33.414846,33.471039,30.765299,32.403361,33.420152,26.806176,30.410776,29.288382,31.617020,33.991531,29.803872,27.775874,31.276248,31.905257,30.422126,34.268580,29.636253,31.478252,30.705817,30.258101,33.601390,31.234308,31.396998,30.020684,30.529950,32.407822,31.024632,29.143087,29.042070,28.622544,32.476981,31.234238,29.649047,29.472899,30.283419,29.668662,30.055388,29.637191,33.276501,30.798581,30.581482,32.312784,25.493492,27.708926,29.522251,29.150610,32.898110,28.966197,31.266894,29.883771,29.329592,31.175379,31.092998,28.762530,31.441515,30.464947,33.188494,30.595847,31.064829
32.451304,35.010473,36.656139,34.326538,35.032554,35.921638,32.247606,34.743667,33.301681,35.779191,35.023363,32.849683,38.329913,31.994796,32.486451,33.741061,32.394202,34.013629,36.834425,36.262881,32.011555,31.995749,44.483719,31.413254,35.154040,34.928683,33.627971,31.711530,33.769595,37.812346,34.203066,31.501677,31.963377,30.974503,35.159543,30.997446,33.612584,31.838088,36.342482,33.335184,34.850261,35.065613,34.178126,34.455277,33.784935,32.145354,32.175731,37.418441,27.981031,37.985062,33.304913,33.047375,32.552486,36.085958,33.107847,35.528484,31.024557,33.684386,27.851440,32.198972,31.341329,32.759296,35.079778,35.534753,32.799055,28.957459,33.742833,29.803422,34.420623,35.264099,35.554792,33.847911,34.810507,34.285023,29.974756,30.914945,33.729211,33.556555,37.246034,32.071098,30.108108,32.069437,32.404113,33.504100,37.678661,32.918943,32.451777,32.945080,32.611159,35.866123,31.725821,32.317003,32.879574,31.820972,32.181002,33.466992,32.888438,34.256181,33.938110,34.033515,34.120093,33.763044,32.230655,33.482164,33.579806,33.187764,32.133421,33.421714,33.783353,34.047204,34.252398,29.420358,30.904189,31.983396,30.012471,35.191237,31.873914,33.142554,31.306781,31.947142,33.198402,33.860612,32.689819,32.734607,34.081950,34.975716,33.762862,34.655803
29.370304,30.559682,34.478809,32.174021,32.458752,35.018438,29.738615,33.145523,32.762643,33.733075,32.119806,31.986167,33.529844,30.526537,30.961118,30.971136,28.392224,30.892463,35.651133,32.226524,31.589185,29.377049,31.413254,40.034070,34.189607,32.586320,30.005885,28.408322,30.218176,33.293596,31.086470,30.368182,30.597892,28.823386,30.677842,29.869449,29.930251,28.717546,33.809887,31.743403,33.268510,31.342488,30.761085,31.045006,32.681670,30.029451,30.343874,34.179371,27.212738,30.587137,31.979631,31.722412,31.215038,34.261542,31.254060,30.190962,31.937320,29.541057,27.849842,28.600498,30.474097,30.447472,30.205260,32.684923,31.645866,28.775320,31.300354,29.051691,29.488623,33.611339,33.630877,29.669106,32.279736,32.637410,27.928891,29.669293,30.641154,31.399832,32.382633,31.331161,29.159323,30.921470,30.828098,29.300136,33.696431,30.883655,30.165620,28.928142,27.969866,33.216703,32.741975,30.848694,29.549325,29.361371,33.918416,31.452850,30.686113,31.868056,30.798682,32.302653,30.175241,29.755527,29.178783,28.391836,30.032738,29.022398,28.635608,31.308664,30.498202,32.143593,32.142654,27.111943,27.420765,30.217327,28.786734,33.242033,29.274122,31.813018,28.082025,31.410029,30.265455,34.259998,29.405372,30.014110,30.275295,32.894118,31.314516,28.760719
35.410361,36.609134,37.553017,35.121756,36.532153,38.812718,33.979037,33.703761,36.515130,39.035860,35.690113,36.019898,39.192780,33.528964,35.130727,33.339028,33.040026,34.971979,38.296665,36.843547,36.284535,32.040925,35.154040,34.189607,47.427461,36.840614,36.304127,34.348717,32.472585,38.233575,33.836299,34.106671,34.433930,33.920637,36.863764,33.945771,31.990531,33.375432,36.422031,34.193983,39.312952,36.223416,37.134797,36.487279,35.410621,31.954864,37.060940,36.450193,31.344194,33.691079,36.573094,36.389309,36.601590,36.244655,35.920906,36.317813,34.952185,35.796134,33.688022,32.290356,32.674636,33.574947,34.693667,36.751510,35.643125,33.028899,37.161555,33.076760,36.507333,36.072552,38.518451,31.311408,37.044683,37.032812,33.336814,34.464454,35.083527,36.126965,37.328107,37.546618,32.751751,37.003897,36.070664,32.506429,38.976400,33.671184,33.792692,35.990585,33.794046,37.673806,35.414615,34.003881,33.247916,34.336145,35.474921,37.471008,33.875291,36.300198,32.004085,36.933263,34.880815,34.318887,33.052886,32.721258,35.726055,33.761113,34.830286,34.657743,32.739180,33.900236,35.251966,31.108979,32.576853,32.614295,31.943252,36.865044,32.545637,34.511009,32.151653,33.041219,35.874450,35.217670,33.340908,34.510954,34.532299,36.613893,36.727284,35.794114
32.506324,34.488499,35.842126,34.855174,35.708475,37.344452,31.163135,34.575539,35.486596,35.046739,35.301699,33.743027,37.565065,30.393524,33.594517,32.010089,31.528419,33.813302,36.309844,34.140509,32.890686,31.168546,34.928683,32.586320,36.840614,43.716310,33.975211,30.887932,33.371564,37.137767,31.853351,31.137463,34.174906,31.529713,33.855077,32.302258,32.036444,31.882471,35.772516,33.422517,35.454831,34.903079,32.396116,35.639587,35.168157,31.042141,34.339380,36.437581,30.851098,33.641963,34.247338,33.146559,32.638009,37.630634,32.775676,35.207069,33.348222,34.194395,29.200068,31.211344,31.960134,32.114533,32.711095,33.763121,32.284432,30.081263,33.371973,31.274592,35.407975,35.496567,38.494801,31.031342,34.459574,34.317021,30.683976,35.015321,32.539159,34.822038,35.600053,33.377031,32.117976,33.789733,34.300741,31.106339,36.887820,33.632214,33.942215,33.303976,31.977118,35.701068,34.072495,34.018864,32.019254,31.086573,33.728349,34.108609,31.617102,33.486724,31.149221,34.058956,33.605587,34.572684,33.123728,32.322443,32.128185,32.144770,30.468922,33.846871,33.004106,33.242344,32.894677,29.673316,31.299604,32.190921,31.208908,36.036943,32.000521,33.450441,30.985735,30.375550,33.003177,34.863522,32.408110,32.006178,32.176597,35.168221,35.335546,34.570101
32.830404,34.328502,34.771874,32.494218,34.293231,36.131980,31.461946,33.850553,33.254673,35.127563,34.477057,34.224455,35.654779,30.325871,33.500925,32.203642,29.737893,32.947225,35.038249,32.191156,32.746106,30.839093,33.627971,30.005885,36.304127,33.975211,42.716937,30.112804,33.726466,36.344271,31.616715,31.380476,30.364639,31.696984,32.595514,31.087624,31.367254,30.867345,32.942495,32.790438,34.841263,33.561065,33.505719,33.972500,33.525147,29.055940,31.365949,34.504495,30.409125,32.175948,32.011186,31.728397,34.286703,35.798360,33.176018,35.643209,32.419209,32.567506,28.660345,29.701045,30.459280,31.121801,31.552336,32.409595,32.819337,28.561257,33.120658,30.638727,33.912117,32.918759,35.233997,29.273333,34.431887,36.470968,29.117139,32.149358,33.890622,32.712657,35.504366,33.217468,27.419011,32.231682,34.308325,29.177036,35.327413,31.501575,33.869569,32.898432,32.330922,35.084710,32.747924,33.079670,31.513653,30.851153,31.533053,32.101243,31.437375,34.879153,30.675415,33.053656,32.629273,32.391261,31.312413,30.333905,32.639946,32.012713,33.204141,32.249551,31.382462,31.429943,33.170172,29.359620,31.426570,30.418700,29.595528,34.740624,32.768552,32.059392,30.829075,29.584053,34.630995,32.976464,30.913515,29.454294,31.554397,33.755502,34.065646,32.117020
31.000291,31.983428,32.000970,31.049622,32.204404,34.618876,28.788760,32.767079,32.172372,34.006140,30.712090,31.836360,33.944718,30.818878,30.553219,28.518355,29.641837,30.409002,33.737249,31.854756,33.918894,30.437354,31.711530,28.408322,34.348717,30.887932,30.112804,40.610312,30.305764,34.609390,31.348007,29.592488,28.226024,28.239651,32.120996,30.340936,28.885907,31.724139,32.222912,29.704880,34.199112,33.305014,31.014538,33.220761,32.161498,30.941095,31.923836,32.887518,27.270132,33.262336,32.292201,31.883102,32.422115,31.722261,30.283173,32.840167,30.331367,29.909420,27.557786,30.366178,31.350215,31.681261,31.302144,32.898886,33.740241,27.185864,31.224045,27.410682,31.459377,32.704812,33.624554,29.248235,30.678646,32.856807,28.701119,29.212869,30.738815,31.183580,33.547412,31.151262,28.669391,30.410029,31.423410,30.411472,33.377656,30.592065,30.984730,30.479329,30.164493,31.504808,31.013896,31.314479,32.036661,31.414739,30.465611,31.033314,29.176830,31.175424,29.240647,32.013444,32.387293,30.540722,29.387677,28.122744,30.267285,30.923527,30.651499,32.746741,31.316665,29.973792,31.796899,26.721794,27.901523,31.276357,28.120361,32.974270,29.765678,28.944409,29.107107,28.871664,29.670514,33.100683,29.554962,31.661661,31.332760,31.014135,32.970151,34.035904
33.274817,32.728077,33.823974,34.432590,34.419137,34.543125,31.360290,34.719118,33.927181,35.886147,34.862462,33.151476,35.748927,29.847893,32.233156,32.583718,30.139128,32.443666,35.234611,33.218212,31.398771,30.760281,33.769595,30.218176,32.472585,33.371564,33.726466,30.305764,43.904787,36.873337,31.451845,31.223811,31.262984,29.669606,31.452223,31.652069,30.322448,31.436038,32.535290,32.605234,34.336344,35.369888,32.741015,32.611104,34.090937,31.044139,32.043564,35.917877,28.673366,33.713291,31.901078,32.462001,33.489414,37.757794,30.996796,34.104434,31.240617,32.496457,25.842146,30.527730,30.511327,33.857939,30.919185,31.487491,31.593186,30.536618,33.262357,29.925583,32.379237,34.962877,34.381938,31.139685,34.300894,34.535041,29.638503,32.409659,32.032246,32.170413,36.230924,30.172129,29.523123,32.480939,32.266961,30.801581,36.247204,32.075951,32.337442,31.156645,30.097921,31.822711,31.753526,31.955241,31.560872,31.081511,32.477783,32.100214,30.722691,33.712827,31.390780,34.790951,32.610510,32.645910,28.865769,31.256655,32.527071,30.898650,29.605312,33.644345,33.451797,31.777348,33.305964,27.034691,28.540274,31.795519,30.273351,34.225273,32.611600,32.058448,30.649193,31.411712,32.185450,33.866344,31.726275,29.033911,33.087054,33.724190,33.617182,32.593396
35.562829,42.068879,38.527473,36.166615,38.368734,42.184783,36.864380,37.422118,39.341231,38.801639,39.992574,38.225118,40.986629,37.228860,35.724264,34.505018,34.204493,37.107808,41.142329,35.227674,36.399044,35.301412,37.812346,33.293596,38.233575,37.137767,36.344271,34.609390,36.873337,51.593940,35.152152,34.150888,34.738009,34.749932,37.777977,33.575028,36.122151,35.898355,37.759157,36.696456,39.196563,39.893254,36.886248,37.733228,38.919932,35.669072,37.684540,37.985024,32.467591,36.355121,35.365243,36.445763,35.560021,39.458254,35.652912,39.531399,34.875274,37.578440,31.833513,33.654036,36.323184,34.894952,36.893064,35.548075,36.943829,33.266528,36.098167,36.109991,37.996779,39.650897,40.816772,36.832796,39.182077,38.911677,33.149953,35.424299,36.205915,35.064682,39.889496,35.918684,33.897431,36.843483,38.177681,35.230176,40.076286,34.932671,37.761559,36.234587,34.500696,37.565382,35.625753,34.377896,36.681574,35.962371,37.034485,36.439712,34.324509,36.820495,33.627222,39.255605,37.609055,36.413611,33.964693,35.019099,35.724309,35.415762,33.639895,37.447111,35.991756,36.768966,36.650463,33.605804,34.055828,35.352995,33.634700,38.948264,35.481424,34.172796,35.004689,34.600322,36.887380,37.002327,33.587501,35.680217,36.995162,38.765781,38.937857,38.018716
31.085905,33.211099,35.027663,30.926035,31.602329,34.020117,31.350733,33.045744,32.964062,35.449503,32.861102,32.187156,35.812929,29.799447,32.217501,31.767845,31.933397,31.732988,35.827074,34.680390,31.970126,29.457092,34.203066,31.086470,33.836299,31.853351,31.616715,31.348007,31.451845,35.152152,41.390650,30.487110,30.890468,29.755166,32.952286,31.075950,30.720308,30.280199,34.803475,32.476127,33.305474,34.528420,33.826350,33.614151,31.786090,31.223023,32.044354,33.435464,27.876877,33.807804,33.267119,31.494180,34.245565,35.460488,29.989331,32.364751,32.581889,31.096787,29.652102,30.187949,30.709787,30.794918,31.956635,35.315377,31.594609,27.918934,32.839126,31.292915,33.455323,32.647606,34.239374,31.434916,31.580377,33.421436,28.524570,29.238598,31.877123,32.825151,33.297541,32.595220,30.084526,32.368695,32.036747,29.996177,34.098726,30.902563,33.024919,29.949428,31.071017,32.310443,32.879860,32.663824,31.372290,30.606232,31.580915,32.418372,30.913748,32.514182,29.451976,33.558516,35.206802,30.180356,29.961096,31.581439,32.574452,29.992772,29.938869,31.801791,31.913378,32.838028,33.264151,29.272231,28.717335,30.566393,29.563716,32.471808,31.218082,31.399505,30.846354,29.578557,31.308811,33.323571,30.426632,31.279690,33.223435,30.830700,32.548723,32.599255
